2.46E-04
6.16E-05
2.71E-05
1.51E-05
9.66E-06
6.69E-06
4.91E-06
3.76E-06
2.96E-06
2.40E-06
1.98E-06
1.66E-06
1.42E-06
1.22E-06
1.06E-06
9.35E-07
8.28E-07
7.39E-07
6.63E-07
5.98E-07
5.43E-07
4.94E-07
4.52E-07
4.15E-07
3.83E-07
3.54E-07
3.28E-07
3.05E-07
2.84E-07
2.66E-07
2.49E-07
2.34E-07
2.20E-07
2.07E-07
1.95E-07
1.85E-07
1.75E-07
1.66E-07
1.57E-07
1.49E-07
1.42E-07
1.36E-07
1.29E-07
1.24E-07
1.18E-07
1.13E-07
1.08E-07
1.04E-07
9.96E-08
9.56E-08
9.19E-08
8.84E-08
8.51E-08
8.20E-08
7.90E-08
7.62E-08
7.36E-08
7.11E-08
6.87E-08
6.64E-08
6.42E-08
6.22E-08
6.02E-08
5.84E-08
5.66E-08
5.49E-08
5.33E-08
5.17E-08
5.02E-08
4.88E-08
4.74E-08
4.61E-08
4.49E-08
4.37E-08
4.25E-08
4.14E-08
4.03E-08
3.93E-08
3.83E-08
3.74E-08
3.64E-08
3.56E-08
3.47E-08
3.39E-08
3.31E-08
3.23E-08
3.16E-08
3.09E-08
3.02E-08
2.95E-08
2.89E-08
2.82E-08
2.76E-08
2.71E-08
2.65E-08
2.59E-08
2.54E-08
2.49E-08
2.44E-08
2.39E-08
