3.265E-04
8.084E-05
3.541E-05
1.906E-05
1.274E-05
8.877E-06
6.526E-06
4.995E-06
3.945E-06
3.194E-06
2.638E-06
2.216E-06
1.887E-06
1.627E-06
1.417E-06
1.245E-06
1.102E-06
9.830E-07
8.821E-07
7.959E-07
7.218E-07
6.576E-07
6.015E-07
5.524E-07
5.090E-07
4.706E-07
4.363E-07
4.057E-07
3.781E-07
3.533E-07
3.309E-07
3.105E-07
2.919E-07
2.750E-07
2.595E-07
2.453E-07
2.322E-07
2.201E-07
2.090E-07
1.986E-07
1.891E-07
1.802E-07
1.719E-07
1.641E-07
1.569E-07
1.502E-07
1.438E-07
1.379E-07
1.323E-07
1.271E-07
1.222E-07
1.175E-07
1.131E-07
1.090E-07
1.050E-07
1.013E-07
9.778E-08
9.444E-08
9.126E-08
8.824E-08
8.537E-08
8.264E-08
8.004E-08
7.755E-08
7.518E-08
7.292E-08
7.076E-08
6.870E-08
6.672E-08
6.482E-08
6.301E-08
6.127E-08
5.961E-08
5.801E-08
5.647E-08
5.499E-08
5.357E-08
5.221E-08
5.089E-08
4.963E-08
4.841E-08
4.724E-08
4.610E-08
4.501E-08
4.396E-08
4.294E-08
4.196E-08
4.101E-08
4.010E-08
3.921E-08
3.835E-08
3.752E-08
3.672E-08
3.594E-08
3.519E-08
3.446E-08
3.375E-08
3.307E-08
3.240E-08
3.176E-08
3.113E-08
3.052E-08
2.994E-08
2.936E-08
2.880E-08
2.826E-08
2.774E-08
2.723E-08
2.673E-08
2.625E-08
2.577E-08
2.532E-08
2.487E-08
2.444E-08
2.401E-08
2.360E-08
2.320E-08
2.281E-08
2.243E-08
2.205E-08
2.169E-08
2.134E-08
2.099E-08
2.065E-08
2.032E-08
2.000E-08
1.969E-08
1.938E-08
1.908E-08
1.879E-08
1.851E-08
1.823E-08
1.795E-08
1.769E-08
1.742E-08
1.717E-08
1.692E-08
1.668E-08
1.644E-08
1.620E-08
1.597E-08
1.575E-08
1.553E-08
1.531E-08
1.510E-08
1.490E-08
1.470E-08
1.450E-08
1.430E-08
1.411E-08