2.42E-04
6.02E-05
2.65E-05
1.48E-05
9.44E-06
6.54E-06
4.80E-06
3.67E-06
2.90E-06
2.35E-06
1.94E-06
1.63E-06
1.39E-06
1.20E-06
1.04E-06
9.15E-07
8.10E-07
7.23E-07
6.48E-07
5.85E-07
5.31E-07
4.83E-07
4.42E-07
4.06E-07
3.74E-07
3.46E-07
3.21E-07
2.98E-07
2.78E-07
2.60E-07
2.43E-07
2.28E-07
2.15E-07
2.02E-07
1.91E-07
1.80E-07
1.71E-07
1.62E-07
1.54E-07
1.46E-07
1.39E-07
1.33E-07
1.26E-07
1.21E-07
1.15E-07
1.11E-07
1.06E-07
1.02E-07
9.74E-08
9.35E-08
8.99E-08
8.65E-08
8.33E-08
8.02E-08
7.73E-08
7.46E-08
7.20E-08
6.95E-08
6.72E-08
6.50E-08
6.28E-08
6.08E-08
5.89E-08
5.71E-08
5.53E-08
5.37E-08
5.21E-08
5.06E-08
4.91E-08
4.77E-08
4.64E-08
4.51E-08
4.39E-08
4.27E-08
4.16E-08
4.05E-08
3.94E-08
3.84E-08
3.75E-08
3.65E-08
3.56E-08
3.48E-08
3.39E-08
3.31E-08
3.24E-08
3.16E-08
3.09E-08
3.02E-08
2.95E-08
2.89E-08
2.82E-08
2.76E-08
2.70E-08
2.65E-08
2.59E-08
2.54E-08
2.49E-08
2.43E-08
2.39E-08
2.34E-08
