2.45E-04
6.13E-05
2.69E-05
1.51E-05
9.60E-06
6.65E-06
4.88E-06
3.73E-06
2.95E-06
2.38E-06
1.97E-06
1.65E-06
1.41E-06
1.21E-06
1.06E-06
9.30E-07
8.23E-07
7.34E-07
6.59E-07
5.95E-07
5.39E-07
4.91E-07
4.50E-07
4.13E-07
3.80E-07
3.52E-07
3.26E-07
3.03E-07
2.83E-07
2.64E-07
2.47E-07
2.32E-07
2.18E-07
2.06E-07
1.94E-07
1.83E-07
1.74E-07
1.65E-07
1.56E-07
1.49E-07
1.41E-07
1.35E-07
1.29E-07
1.23E-07
1.17E-07
1.12E-07
1.08E-07
1.03E-07
9.90E-08
9.51E-08
9.14E-08
8.79E-08
8.46E-08
8.15E-08
7.86E-08
7.58E-08
7.31E-08
7.06E-08
6.83E-08
6.60E-08
6.39E-08
6.18E-08
5.99E-08
5.80E-08
5.62E-08
5.45E-08
5.29E-08
5.14E-08
4.99E-08
4.85E-08
4.71E-08
4.58E-08
4.46E-08
4.34E-08
4.22E-08
4.11E-08
4.01E-08
3.91E-08
3.81E-08
3.71E-08
3.62E-08
3.53E-08
3.45E-08
3.37E-08
3.29E-08
3.21E-08
3.14E-08
3.07E-08
3.00E-08
2.93E-08
2.87E-08
2.81E-08
2.75E-08
2.69E-08
2.63E-08
2.58E-08
2.53E-08
2.47E-08
2.42E-08
2.38E-08
