2.29E-04
5.81E-05
2.55E-05
1.42E-05
9.07E-06
6.32E-06
4.65E-06
3.55E-06
2.81E-06
2.27E-06
1.88E-06
1.58E-06
1.34E-06
1.16E-06
1.01E-06
8.85E-07
7.84E-07
6.99E-07
6.27E-07
5.66E-07
5.13E-07
4.68E-07
4.28E-07
3.93E-07
3.62E-07
3.35E-07
3.10E-07
2.88E-07
2.69E-07
2.51E-07
2.35E-07
2.21E-07
2.07E-07
1.95E-07
1.85E-07
1.74E-07
1.65E-07
1.57E-07
1.49E-07
1.41E-07
1.35E-07
1.28E-07
1.22E-07
1.17E-07
1.12E-07
1.07E-07
1.02E-07
9.83E-08
9.43E-08
9.06E-08
8.70E-08
8.37E-08
8.06E-08
7.76E-08
7.48E-08
7.22E-08
6.97E-08
6.73E-08
6.50E-08
6.29E-08
6.08E-08
5.89E-08
5.70E-08
5.53E-08
5.36E-08
5.20E-08
5.04E-08
4.90E-08
4.76E-08
4.62E-08
4.49E-08
4.37E-08
4.25E-08
4.13E-08
4.03E-08
3.92E-08
3.82E-08
3.72E-08
3.63E-08
3.54E-08
3.45E-08
3.37E-08
3.29E-08
3.21E-08
3.13E-08
3.06E-08
2.99E-08
2.92E-08
2.86E-08
2.79E-08
2.73E-08
2.67E-08
2.62E-08
2.56E-08
2.51E-08
2.46E-08
2.41E-08
2.36E-08
2.31E-08
2.26E-08