2.79E-04
6.88E-05
3.03E-05
1.69E-05
1.08E-05
7.48E-06
5.49E-06
4.20E-06
3.32E-06
2.68E-06
2.22E-06
1.86E-06
1.59E-06
1.37E-06
1.19E-06
1.05E-06
9.27E-07
8.27E-07
7.42E-07
6.70E-07
6.07E-07
5.53E-07
5.06E-07
4.65E-07
4.29E-07
3.96E-07
3.67E-07
3.42E-07
3.18E-07
2.98E-07
2.79E-07
2.62E-07
2.46E-07
2.32E-07
2.19E-07
2.07E-07
1.96E-07
1.85E-07
1.76E-07
1.67E-07
1.59E-07
1.52E-07
1.45E-07
1.38E-07
1.32E-07
1.27E-07
1.21E-07
1.16E-07
1.12E-07
1.07E-07
1.03E-07
9.90E-08
9.53E-08
9.18E-08
8.85E-08
8.54E-08
8.24E-08
7.96E-08
7.69E-08
7.44E-08
7.19E-08
6.96E-08
6.75E-08
6.54E-08
6.34E-08
6.15E-08
5.96E-08
5.79E-08
5.62E-08
5.46E-08
5.31E-08
5.16E-08
5.02E-08
4.89E-08
4.76E-08
4.63E-08
4.52E-08
4.40E-08
4.29E-08
4.18E-08
4.08E-08
3.98E-08
3.89E-08
3.79E-08
3.71E-08
3.62E-08
3.54E-08
3.46E-08
3.38E-08
3.31E-08
3.23E-08
3.16E-08
3.10E-08
3.03E-08
2.97E-08
2.90E-08
2.85E-08
2.79E-08
2.73E-08
2.68E-08

