2.83E-07
6.99E-08
3.06E-08
1.71E-08
1.09E-08
7.55E-09
5.54E-09
4.24E-09
3.34E-09
2.71E-09
2.24E-09
1.88E-09
1.60E-09
1.38E-09
1.20E-09
1.05E-09
9.34E-10
8.33E-10
7.48E-10
6.75E-10
6.12E-10
5.57E-10
5.10E-10
4.68E-10
4.32E-10
3.99E-10
3.70E-10
3.44E-10
3.21E-10
3.00E-10
2.81E-10
2.63E-10
2.48E-10
2.33E-10
2.20E-10
2.08E-10
1.97E-10
1.87E-10
1.77E-10
1.68E-10
1.60E-10
1.53E-10
1.46E-10
1.39E-10
1.33E-10
1.27E-10
1.22E-10
1.17E-10
1.12E-10
1.08E-10
1.04E-10
9.97E-11
9.60E-11
9.24E-11
8.91E-11
8.60E-11
8.30E-11
8.01E-11
7.74E-11
7.49E-11
7.24E-11
7.01E-11
6.79E-11
6.58E-11
6.38E-11
6.19E-11
6.00E-11
5.83E-11
5.66E-11
5.50E-11
5.35E-11
5.20E-11
5.06E-11
4.92E-11
4.79E-11
4.67E-11
4.55E-11
4.43E-11
4.32E-11
4.21E-11
4.11E-11
4.01E-11
3.91E-11
3.82E-11
3.73E-11
3.64E-11
3.56E-11
3.48E-11
3.40E-11
3.33E-11
3.25E-11
3.18E-11
3.12E-11
3.05E-11
2.99E-11
2.92E-11
2.86E-11
2.81E-11
2.75E-11
2.70E-11
