7.72E-04
2.02E-04
9.20E-05
5.17E-05
3.29E-05
2.28E-05
1.67E-05
1.28E-05
1.01E-05
8.14E-06
6.72E-06
5.64E-06
4.80E-06
4.14E-06
3.60E-06
3.16E-06
2.80E-06
2.50E-06
2.24E-06
2.02E-06
1.83E-06
1.67E-06
1.53E-06
1.40E-06
1.29E-06
1.20E-06
1.11E-06
1.03E-06
9.61E-07
8.98E-07
8.40E-07
7.89E-07
7.42E-07
6.99E-07
6.59E-07
6.23E-07
5.90E-07
5.59E-07
5.31E-07
5.05E-07
4.80E-07
4.58E-07
4.37E-07
4.17E-07
3.99E-07
3.81E-07
3.65E-07
3.50E-07
3.36E-07
3.23E-07
3.10E-07
2.98E-07
2.87E-07
2.77E-07
2.67E-07
2.57E-07
2.48E-07
2.40E-07
2.32E-07
2.24E-07
2.17E-07
2.10E-07
2.03E-07
1.97E-07
1.91E-07
1.85E-07
1.80E-07
1.74E-07
1.69E-07
1.65E-07
1.60E-07
1.56E-07
1.51E-07
1.47E-07
1.43E-07
1.40E-07
1.36E-07
1.33E-07
1.29E-07
1.26E-07
1.23E-07
1.20E-07
1.17E-07
1.14E-07
1.12E-07
1.09E-07
1.07E-07
1.04E-07
1.02E-07
9.96E-08
9.74E-08
9.53E-08
9.33E-08
9.13E-08
8.94E-08
8.75E-08
8.57E-08
8.40E-08
8.23E-08
8.07E-08
