2.49E-04
6.25E-05
2.75E-05
1.54E-05
9.79E-06
6.78E-06
4.97E-06
3.80E-06
3.00E-06
2.43E-06
2.01E-06
1.69E-06
1.44E-06
1.24E-06
1.08E-06
9.48E-07
8.39E-07
7.48E-07
6.72E-07
6.06E-07
5.50E-07
5.01E-07
4.58E-07
4.21E-07
3.88E-07
3.58E-07
3.32E-07
3.09E-07
2.88E-07
2.69E-07
2.52E-07
2.37E-07
2.22E-07
2.10E-07
1.98E-07
1.87E-07
1.77E-07
1.68E-07
1.59E-07
1.51E-07
1.44E-07
1.37E-07
1.31E-07
1.25E-07
1.20E-07
1.14E-07
1.10E-07
1.05E-07
1.01E-07
9.69E-08
9.31E-08
8.96E-08
8.62E-08
8.31E-08
8.01E-08
7.72E-08
7.45E-08
7.20E-08
6.96E-08
6.73E-08
6.51E-08
6.30E-08
6.10E-08
5.91E-08
5.73E-08
5.56E-08
5.40E-08
5.24E-08
5.09E-08
4.94E-08
4.80E-08
4.67E-08
4.54E-08
4.42E-08
4.31E-08
4.19E-08
4.08E-08
3.98E-08
3.88E-08
3.78E-08
3.69E-08
3.60E-08
3.52E-08
3.43E-08
3.35E-08
3.27E-08
3.20E-08
3.13E-08
3.06E-08
2.99E-08
2.92E-08
2.86E-08
2.80E-08
2.74E-08
2.68E-08
2.63E-08
2.57E-08
2.52E-08
2.47E-08
2.42E-08