3.2526e-04
8.0632e-05
3.5426e-05
1.9802e-05
1.2626e-05
8.7475e-06
6.4166e-06
4.9071e-06
3.8741e-06
3.1360e-06
2.5905e-06
2.1759e-06
1.8534e-06
1.5977e-06
1.3915e-06
1.2228e-06
1.0830e-06
9.6590e-07
8.6681e-07
7.8222e-07
7.0943e-07
6.4636e-07
5.9134e-07
5.4306e-07
5.0045e-07
4.6268e-07
4.2902e-07
3.9891e-07
3.7186e-07
3.4747e-07
3.2541e-07
3.0538e-07
2.8714e-07
2.7050e-07
2.5525e-07
2.4127e-07
2.2840e-07
2.1653e-07
2.0557e-07
1.9541e-07
1.8600e-07
1.7724e-07
1.6909e-07
1.6149e-07
1.5439e-07
1.4775e-07
1.4153e-07
1.3569e-07
1.3021e-07
1.2505e-07
1.2020e-07
1.1561e-07
1.1129e-07
1.0721e-07
1.0335e-07
9.9686e-08
9.6220e-08
9.2931e-08
8.9807e-08
8.6837e-08
8.4013e-08
8.1325e-08
7.8762e-08
7.6320e-08
7.3989e-08
7.1765e-08
6.9639e-08
6.7605e-08
6.5659e-08
6.3796e-08
6.2011e-08
6.0301e-08
5.8661e-08
5.7084e-08
5.5573e-08
5.4120e-08
5.2723e-08
5.1379e-08
5.0087e-08
4.8844e-08
4.7644e-08
4.6488e-08
4.5377e-08
4.4301e-08
4.3267e-08
4.2266e-08
4.1299e-08
4.0365e-08
3.9464e-08
3.8591e-08
3.7749e-08
3.6931e-08
3.6141e-08
3.5377e-08
3.4635e-08
3.3919e-08
3.3223e-08
3.2548e-08
3.1894e-08
3.1259e-08
