6.57E-04
1.59E-04
7.18E-05
3.67E-05
2.63E-05
1.85E-05
1.36E-05
1.04E-05
8.22E-06
6.66E-06
5.50E-06
4.61E-06
3.93E-06
3.38E-06
2.95E-06
2.59E-06
2.29E-06
2.04E-06
1.83E-06
1.65E-06
1.50E-06
1.36E-06
1.25E-06
1.15E-06
1.06E-06
9.76E-07
9.05E-07
8.41E-07
7.84E-07
7.32E-07
6.86E-07
6.43E-07
6.05E-07
5.70E-07
5.38E-07
5.08E-07
4.81E-07
4.56E-07
4.33E-07
4.11E-07
3.92E-07
3.73E-07
3.56E-07
3.40E-07
3.25E-07
3.11E-07
2.98E-07
2.86E-07
2.74E-07
2.63E-07
2.53E-07
2.43E-07
2.34E-07
2.26E-07
2.17E-07
2.10E-07
2.02E-07
1.95E-07
1.89E-07
1.83E-07
1.77E-07
1.71E-07
1.66E-07
1.61E-07
1.56E-07
1.51E-07
1.46E-07
1.42E-07
1.38E-07
1.34E-07
1.30E-07
1.27E-07
1.23E-07
1.20E-07
1.17E-07
1.14E-07
1.11E-07
1.08E-07
1.05E-07
1.03E-07
1.00E-07
9.77E-08
9.54E-08
9.31E-08
9.10E-08
8.89E-08
8.68E-08
8.49E-08
8.30E-08
8.11E-08
7.94E-08
7.76E-08
7.60E-08
7.44E-08
7.28E-08
7.13E-08
6.98E-08
6.84E-08
6.70E-08
6.57E-08
