2.47E-04
6.18E-05
2.72E-05
1.52E-05
9.70E-06
6.72E-06
4.93E-06
3.77E-06
2.97E-06
2.41E-06
1.99E-06
1.67E-06
1.42E-06
1.23E-06
1.07E-06
9.38E-07
8.31E-07
7.41E-07
6.65E-07
6.00E-07
5.44E-07
4.96E-07
4.54E-07
4.17E-07
3.84E-07
3.55E-07
3.29E-07
3.06E-07
2.85E-07
2.67E-07
2.50E-07
2.34E-07
2.20E-07
2.08E-07
1.96E-07
1.85E-07
1.75E-07
1.66E-07
1.58E-07
1.50E-07
1.43E-07
1.36E-07
1.30E-07
1.24E-07
1.18E-07
1.13E-07
1.09E-07
1.04E-07
9.99E-08
9.60E-08
9.22E-08
8.87E-08
8.54E-08
8.23E-08
7.93E-08
7.65E-08
7.38E-08
7.13E-08
6.89E-08
6.66E-08
6.45E-08
6.24E-08
6.04E-08
5.86E-08
5.68E-08
5.51E-08
5.34E-08
5.19E-08
5.04E-08
4.90E-08
4.76E-08
4.63E-08
4.50E-08
4.38E-08
4.26E-08
4.15E-08
4.05E-08
3.94E-08
3.84E-08
3.75E-08
3.66E-08
3.57E-08
3.48E-08
3.40E-08
3.32E-08
3.24E-08
3.17E-08
3.10E-08
3.03E-08
2.96E-08
2.90E-08
2.83E-08
2.77E-08
2.71E-08
2.66E-08
2.60E-08
2.55E-08
2.50E-08
2.45E-08
2.40E-08
