6.3796e-04
1.5251e-04
7.4909e-05
4.2482e-05
2.7160e-05
1.8813e-05
1.3786e-05
1.0532e-05
8.3056e-06
6.7174e-06
5.5442e-06
4.6535e-06
3.9616e-06
3.4131e-06
2.9711e-06
2.6098e-06
2.3106e-06
2.0601e-06
1.8483e-06
1.6675e-06
1.5119e-06
1.3773e-06
1.2598e-06
1.1567e-06
1.0658e-06
9.8524e-07
9.1345e-07
8.4925e-07
7.9159e-07
7.3962e-07
6.9259e-07
6.4986e-07
6.1104e-07
5.7557e-07
5.4310e-07
5.1331e-07
4.8590e-07
4.6063e-07
4.3729e-07
4.1567e-07
3.9562e-07
3.7699e-07
3.5964e-07
3.4346e-07
3.2835e-07
3.1421e-07
3.0097e-07
2.8855e-07
2.7688e-07
2.6591e-07
2.5558e-07
2.4583e-07
2.3664e-07
2.2795e-07
2.1973e-07
2.1195e-07
2.0457e-07
1.9757e-07
1.9093e-07
1.8461e-07
1.7861e-07
1.7289e-07
1.6744e-07
1.6225e-07
1.5729e-07
1.5256e-07
1.4803e-07
1.4371e-07
1.3957e-07
1.3561e-07
1.3182e-07
1.2818e-07
1.2469e-07
1.2134e-07
1.1813e-07
1.1504e-07
1.1207e-07
1.0921e-07
1.0646e-07
1.0382e-07
1.0127e-07
9.8812e-08
9.6444e-08
9.4162e-08
9.1958e-08
8.9831e-08
8.7778e-08
8.5794e-08
8.3874e-08
8.2022e-08
8.0227e-08
7.8493e-08
7.6813e-08
7.5187e-08
7.3613e-08
7.2086e-08
7.0608e-08
6.9173e-08
6.7783e-08
6.6434e-08
