2.15E-04
5.25E-05
2.44E-05
1.37E-05
8.78E-06
6.08E-06
4.46E-06
3.41E-06
2.69E-06
2.18E-06
1.80E-06
1.51E-06
1.29E-06
1.11E-06
9.64E-07
8.47E-07
7.50E-07
6.69E-07
6.00E-07
5.42E-07
4.91E-07
4.48E-07
4.09E-07
3.76E-07
3.46E-07
3.20E-07
2.97E-07
2.76E-07
2.57E-07
2.40E-07
2.25E-07
2.11E-07
1.99E-07
1.87E-07
1.77E-07
1.67E-07
1.58E-07
1.50E-07
1.42E-07
1.35E-07
1.29E-07
1.23E-07
1.17E-07
1.12E-07
1.07E-07
1.02E-07
9.79E-08
9.39E-08
9.01E-08
8.65E-08
8.31E-08
8.00E-08
7.70E-08
7.42E-08
7.15E-08
6.90E-08
6.66E-08
6.43E-08
6.21E-08
6.01E-08
5.81E-08
5.62E-08
5.45E-08
5.28E-08
5.12E-08
4.96E-08
4.82E-08
4.68E-08
4.54E-08
4.41E-08
4.29E-08
4.17E-08
4.06E-08
3.95E-08
3.84E-08
3.74E-08
3.65E-08
3.55E-08
3.46E-08
3.38E-08
3.29E-08
3.21E-08
3.14E-08
3.06E-08
2.99E-08
2.92E-08
2.86E-08
2.79E-08
2.73E-08
2.67E-08
2.61E-08
2.55E-08
2.50E-08
2.45E-08
2.40E-08
2.35E-08
2.30E-08
2.25E-08
2.21E-08
2.16E-08

