2.57E-04
6.41E-05
2.82E-05
1.58E-05
1.00E-05
6.96E-06
5.10E-06
3.90E-06
3.08E-06
2.49E-06
2.06E-06
1.73E-06
1.47E-06
1.27E-06
1.11E-06
9.72E-07
8.61E-07
7.68E-07
6.89E-07
6.22E-07
5.64E-07
5.14E-07
4.70E-07
4.32E-07
3.98E-07
3.68E-07
3.41E-07
3.17E-07
2.96E-07
2.76E-07
2.59E-07
2.43E-07
2.28E-07
2.15E-07
2.03E-07
1.92E-07
1.82E-07
1.72E-07
1.63E-07
1.55E-07
1.48E-07
1.41E-07
1.34E-07
1.28E-07
1.23E-07
1.17E-07
1.13E-07
1.08E-07
1.04E-07
9.94E-08
9.56E-08
9.19E-08
8.85E-08
8.53E-08
8.22E-08
7.93E-08
7.65E-08
7.39E-08
7.14E-08
6.91E-08
6.68E-08
6.47E-08
6.26E-08
6.07E-08
5.88E-08
5.71E-08
5.54E-08
5.38E-08
5.22E-08
5.07E-08
4.93E-08
4.79E-08
4.66E-08
4.54E-08
4.42E-08
4.30E-08
4.19E-08
4.09E-08
3.98E-08
3.88E-08
3.79E-08
3.70E-08
3.61E-08
3.52E-08
3.44E-08
3.36E-08
3.28E-08
3.21E-08
3.14E-08
3.07E-08
3.00E-08
2.94E-08
2.87E-08
2.81E-08
2.75E-08
2.70E-08
2.64E-08
2.59E-08
2.54E-08
2.49E-08
2.44E-08
2.39E-08
2.34E-08
2.30E-08
2.25E-08
2.21E-08
2.17E-08
2.13E-08
2.09E-08
2.05E-08
2.02E-08
1.98E-08
1.95E-08
1.91E-08
1.88E-08
1.85E-08
1.82E-08
1.79E-08
1.76E-08
1.73E-08
1.70E-08
1.67E-08
1.64E-08
1.62E-08
1.59E-08
1.57E-08
1.54E-08
1.52E-08
1.49E-08
1.47E-08
1.45E-08
1.43E-08
1.41E-08
1.38E-08
1.36E-08
1.34E-08
1.32E-08
1.31E-08
1.29E-08
1.27E-08
1.25E-08
1.23E-08
1.22E-08
1.20E-08
1.18E-08
1.17E-08
1.15E-08
1.13E-08
1.12E-08
1.10E-08