7.7164e-04
2.0148e-04
9.1958e-05
5.1639e-05
3.2917e-05
2.2778e-05
1.6687e-05
1.2747e-05
1.0053e-05
8.1316e-06
6.7125e-06
5.6350e-06
4.7976e-06
4.1339e-06
3.5990e-06
3.1617e-06
2.7995e-06
2.4961e-06
2.2396e-06
2.0207e-06
1.8324e-06
1.6692e-06
1.5269e-06
1.4020e-06
1.2919e-06
1.1943e-06
1.1073e-06
1.0295e-06
9.5966e-07
8.9662e-07
8.3963e-07
7.8792e-07
7.4085e-07
6.9788e-07
6.5849e-07
6.2238e-07
5.8919e-07
5.5852e-07
5.3024e-07
5.0401e-07
4.7972e-07
4.5713e-07
4.3610e-07
4.1648e-07
3.9817e-07
3.8103e-07
3.6498e-07
3.4992e-07
3.3577e-07
3.2247e-07
3.0994e-07
2.9813e-07
2.8698e-07
2.7644e-07
2.6648e-07
2.5704e-07
2.4809e-07
2.3961e-07
2.3155e-07
2.2389e-07
2.1661e-07
2.0968e-07
2.0307e-07
1.9677e-07
1.9076e-07
1.8502e-07
1.7954e-07
1.7429e-07
1.6928e-07
1.6447e-07
1.5987e-07
1.5546e-07
1.5123e-07
1.4717e-07
1.4327e-07
1.3952e-07
1.3592e-07
1.3246e-07
1.2912e-07
1.2592e-07
1.2282e-07
1.1985e-07
1.1698e-07
1.1421e-07
1.1153e-07
1.0895e-07
1.0646e-07
1.0406e-07
1.0173e-07
9.9482e-08
9.7307e-08
9.5203e-08
9.3167e-08
9.1193e-08
8.9284e-08
8.7433e-08
8.5639e-08
8.3899e-08
8.2213e-08
8.0578e-08
7.8989e-08
7.7448e-08
7.5951e-08
7.4498e-08
7.3086e-08
7.1713e-08
7.0377e-08
6.9080e-08
6.7818e-08
6.6590e-08
6.5397e-08
6.4233e-08
6.3101e-08
6.1998e-08
6.0926e-08
5.9880e-08
5.8860e-08
5.7867e-08
5.6898e-08
5.5953e-08
5.5033e-08
5.4134e-08
5.3257e-08
5.2401e-08
5.1565e-08
5.0750e-08
4.9955e-08
4.9177e-08
4.8417e-08
4.7676e-08
4.6950e-08
4.6242e-08
4.5548e-08
4.4871e-08
4.4209e-08
4.3561e-08
4.2928e-08
4.2308e-08
4.1701e-08
4.1107e-08
4.0526e-08
3.9957e-08
3.9401e-08
3.8854e-08
3.8321e-08
3.7798e-08
3.7285e-08
3.6783e-08
3.6291e-08
3.5808e-08

