1.96E-04
4.79E-05
2.11E-05
1.18E-05
7.55E-06
5.23E-06
3.84E-06
2.94E-06
2.32E-06
1.88E-06
1.55E-06
1.30E-06
1.11E-06
9.58E-07
8.35E-07
7.34E-07
6.50E-07
5.80E-07
5.20E-07
4.69E-07
4.26E-07
3.88E-07
3.55E-07
3.26E-07
3.00E-07
2.78E-07
2.57E-07
2.39E-07
2.23E-07
2.09E-07
1.95E-07
1.83E-07
1.72E-07
1.62E-07
1.53E-07
1.45E-07
1.37E-07
1.30E-07
1.23E-07
1.17E-07
1.12E-07
1.06E-07
1.02E-07
9.69E-08
9.27E-08
8.87E-08
8.50E-08
8.15E-08
7.82E-08
7.51E-08
7.22E-08
6.94E-08
6.68E-08
6.44E-08
6.20E-08
5.98E-08
5.78E-08
5.58E-08
5.39E-08
5.21E-08
5.04E-08
4.88E-08
4.73E-08
4.58E-08
4.44E-08
4.31E-08
4.18E-08
4.06E-08
3.94E-08
3.83E-08
3.72E-08
3.62E-08
3.52E-08
3.43E-08
3.34E-08
3.25E-08
3.17E-08
3.08E-08
3.01E-08
2.93E-08
2.86E-08
2.79E-08
2.72E-08
2.66E-08
2.60E-08
2.54E-08
2.48E-08
2.42E-08
2.37E-08
2.32E-08
2.27E-08
2.22E-08
2.17E-08
2.12E-08
2.08E-08
2.04E-08
1.99E-08
1.95E-08
1.91E-08
1.88E-08
1.84E-08
1.80E-08
1.77E-08
1.74E-08
1.70E-08
1.67E-08
1.64E-08
1.61E-08
1.58E-08
1.55E-08
1.52E-08
1.50E-08
1.47E-08
1.44E-08
1.42E-08
1.39E-08
1.37E-08
1.35E-08
1.33E-08
1.30E-08
1.28E-08
1.26E-08
1.24E-08
1.22E-08
1.20E-08
1.18E-08
1.16E-08
1.15E-08
1.13E-08
1.11E-08
1.09E-08
1.08E-08
1.06E-08
1.05E-08
1.03E-08
1.01E-08
1.00E-08
9.85E-09
9.71E-09
9.57E-09
9.44E-09
9.31E-09
9.18E-09
9.05E-09
8.93E-09
8.80E-09
8.68E-09
8.57E-09
8.45E-09
8.34E-09
